center_x = -34.79999923706055
center_y = -16.200000762939453
center_z = -23.299999237060547
size_x = 10
size_y = 10
size_z = 10
